		S1 Count Matrix
          |       <s>|       but|        if|       she| continued|        to|      play|  whenever|       was|     asked|        by|        mr|         .|
       <s>|         0|         1|         0|         0|         0|         0|         0|         0|         0|         0|         0|         0|         0|
       but|         0|         0|         1|         0|         0|         0|         0|         0|         0|         0|         0|         0|         0|
        if|         0|         0|         0|         1|         0|         0|         0|         0|         0|         0|         0|         0|         0|
       she|         0|         0|         0|         0|         1|         0|         0|         0|         1|         0|         0|         0|         0|
 continued|         0|         0|         0|         0|         0|         1|         0|         0|         0|         0|         0|         0|         0|
        to|         0|         0|         0|         0|         0|         0|         1|         0|         0|         0|         0|         0|         0|
      play|         0|         0|         0|         0|         0|         0|         0|         1|         0|         0|         0|         0|         0|
  whenever|         0|         0|         0|         1|         0|         0|         0|         0|         0|         0|         0|         0|         0|
       was|         0|         0|         0|         0|         0|         0|         0|         0|         0|         1|         0|         0|         0|
     asked|         0|         0|         0|         0|         0|         0|         0|         0|         0|         0|         1|         0|         0|
        by|         0|         0|         0|         0|         0|         0|         0|         0|         0|         0|         0|         1|         0|
        mr|         0|         0|         0|         0|         0|         0|         0|         0|         0|         0|         0|         0|         1|
         .|         0|         0|         0|         0|         0|         0|         0|         0|         0|         0|         0|         0|         0|

		S1 Probability Matrix
          |       <s>|       but|        if|       she| continued|        to|      play|  whenever|       was|     asked|        by|        mr|         .|
       <s>|    0.0769|    0.1538|    0.0769|    0.0769|    0.0769|    0.0769|    0.0769|    0.0769|    0.0769|    0.0769|    0.0769|    0.0769|    0.0769|
       but|    0.0769|    0.0769|    0.1538|    0.0769|    0.0769|    0.0769|    0.0769|    0.0769|    0.0769|    0.0769|    0.0769|    0.0769|    0.0769|
        if|    0.0769|    0.0769|    0.0769|    0.1538|    0.0769|    0.0769|    0.0769|    0.0769|    0.0769|    0.0769|    0.0769|    0.0769|    0.0769|
       she|    0.0714|    0.0714|    0.0714|    0.0714|    0.1429|    0.0714|    0.0714|    0.0714|    0.1429|    0.0714|    0.0714|    0.0714|    0.0714|
 continued|    0.0769|    0.0769|    0.0769|    0.0769|    0.0769|    0.1538|    0.0769|    0.0769|    0.0769|    0.0769|    0.0769|    0.0769|    0.0769|
        to|    0.0769|    0.0769|    0.0769|    0.0769|    0.0769|    0.0769|    0.1538|    0.0769|    0.0769|    0.0769|    0.0769|    0.0769|    0.0769|
      play|    0.0769|    0.0769|    0.0769|    0.0769|    0.0769|    0.0769|    0.0769|    0.1538|    0.0769|    0.0769|    0.0769|    0.0769|    0.0769|
  whenever|    0.0769|    0.0769|    0.0769|    0.1538|    0.0769|    0.0769|    0.0769|    0.0769|    0.0769|    0.0769|    0.0769|    0.0769|    0.0769|
       was|    0.0769|    0.0769|    0.0769|    0.0769|    0.0769|    0.0769|    0.0769|    0.0769|    0.0769|    0.1538|    0.0769|    0.0769|    0.0769|
     asked|    0.0769|    0.0769|    0.0769|    0.0769|    0.0769|    0.0769|    0.0769|    0.0769|    0.0769|    0.0769|    0.1538|    0.0769|    0.0769|
        by|    0.0769|    0.0769|    0.0769|    0.0769|    0.0769|    0.0769|    0.0769|    0.0769|    0.0769|    0.0769|    0.0769|    0.1538|    0.0769|
        mr|    0.0769|    0.0769|    0.0769|    0.0769|    0.0769|    0.0769|    0.0769|    0.0769|    0.0769|    0.0769|    0.0769|    0.0769|    0.1538|
         .|    0.0833|    0.0833|    0.0833|    0.0833|    0.0833|    0.0833|    0.0833|    0.0833|    0.0833|    0.0833|    0.0833|    0.0833|    0.0833|

Probability of S1: 7.62888559933825e-35

		S2 Count Matrix
          |       <s>|      miss|   fairfax|      must|      have|     found|       the|   evening|  pleasant|         ,|      emma|         .|
       <s>|         0|         1|         0|         0|         0|         0|         0|         0|         0|         0|         0|         0|
      miss|         0|         0|         1|         0|         0|         0|         0|         0|         0|         0|         0|         0|
   fairfax|         0|         0|         0|         1|         0|         0|         0|         0|         0|         0|         0|         0|
      must|         0|         0|         0|         0|         1|         0|         0|         0|         0|         0|         0|         0|
      have|         0|         0|         0|         0|         0|         1|         0|         0|         0|         0|         0|         0|
     found|         0|         0|         0|         0|         0|         0|         1|         0|         0|         0|         0|         0|
       the|         0|         0|         0|         0|         0|         0|         0|         1|         0|         0|         0|         0|
   evening|         0|         0|         0|         0|         0|         0|         0|         0|         1|         0|         0|         0|
  pleasant|         0|         0|         0|         0|         0|         0|         0|         0|         0|         1|         0|         0|
         ,|         0|         0|         0|         0|         0|         0|         0|         0|         0|         0|         1|         0|
      emma|         0|         0|         0|         0|         0|         0|         0|         0|         0|         0|         0|         1|
         .|         0|         0|         0|         0|         0|         0|         0|         0|         0|         0|         0|         0|

		S2 Probability Matrix
          |       <s>|      miss|   fairfax|      must|      have|     found|       the|   evening|  pleasant|         ,|      emma|         .|
       <s>|    0.0833|    0.1667|    0.0833|    0.0833|    0.0833|    0.0833|    0.0833|    0.0833|    0.0833|    0.0833|    0.0833|    0.0833|
      miss|    0.0833|    0.0833|    0.1667|    0.0833|    0.0833|    0.0833|    0.0833|    0.0833|    0.0833|    0.0833|    0.0833|    0.0833|
   fairfax|    0.0833|    0.0833|    0.0833|    0.1667|    0.0833|    0.0833|    0.0833|    0.0833|    0.0833|    0.0833|    0.0833|    0.0833|
      must|    0.0833|    0.0833|    0.0833|    0.0833|    0.1667|    0.0833|    0.0833|    0.0833|    0.0833|    0.0833|    0.0833|    0.0833|
      have|    0.0833|    0.0833|    0.0833|    0.0833|    0.0833|    0.1667|    0.0833|    0.0833|    0.0833|    0.0833|    0.0833|    0.0833|
     found|    0.0833|    0.0833|    0.0833|    0.0833|    0.0833|    0.0833|    0.1667|    0.0833|    0.0833|    0.0833|    0.0833|    0.0833|
       the|    0.0833|    0.0833|    0.0833|    0.0833|    0.0833|    0.0833|    0.0833|    0.1667|    0.0833|    0.0833|    0.0833|    0.0833|
   evening|    0.0833|    0.0833|    0.0833|    0.0833|    0.0833|    0.0833|    0.0833|    0.0833|    0.1667|    0.0833|    0.0833|    0.0833|
  pleasant|    0.0833|    0.0833|    0.0833|    0.0833|    0.0833|    0.0833|    0.0833|    0.0833|    0.0833|    0.1667|    0.0833|    0.0833|
         ,|    0.0833|    0.0833|    0.0833|    0.0833|    0.0833|    0.0833|    0.0833|    0.0833|    0.0833|    0.0833|    0.1667|    0.0833|
      emma|    0.0833|    0.0833|    0.0833|    0.0833|    0.0833|    0.0833|    0.0833|    0.0833|    0.0833|    0.0833|    0.0833|    0.1667|
         .|    0.0909|    0.0909|    0.0909|    0.0909|    0.0909|    0.0909|    0.0909|    0.0909|    0.0909|    0.0909|    0.0909|    0.0909|

Probability of S2: 2.5836904882122554e-30

